loading dictionary ... 
Dist: ([0.4900553077313945, 0.0, 0.0, 0.4900553077313945, 0.0, 0.0, 0.4900553077313945, 0.0, 0.0, 0.0, 0.0, 0.0, 0.0, 0.0, 0.4900553077313945, 0.0, 0.0, 0.0, 0.0, 0.0, 0.0, 0.0, 0.0, 0.0, 0.0, 0.0, 0.0, 0.0, 0.0, 0.19845196259335104, 0.0, 0.0, 0.0, 0.0, 0.0, 0.0, 0.0, 1], 0.0)
uji: [0.4900553077313945, 0.0, 0.0, 0.4900553077313945, 0.0, 0.0, 0.4900553077313945, 0.0, 0.0, 0.0, 0.0, 0.0, 0.0, 0.0, 0.4900553077313945, 0.0, 0.0, 0.0, 0.0, 0.0, 0.0, 0.0, 0.0, 0.0, 0.0, 0.0, 0.0, 0.0, 0.0, 0.19845196259335104, 0.0, 0.0, 0.0, 0.0, 0.0, 0.0, 0.0, None]
Dist: ([0.0, 0.0, 0.0, 0.0, 0.0, 0.0, 0.0, 0.0, 0.0, 0.3239378575286424, 0.3810624043241999, 0.3810624043241999, 0.0, 0.0, 0.0, 0.0, 0.0, 0.0, 0.0, 0.3810624043241999, 0.0, 0.0, 0.0, 0.0, 0.0, 0.0, 0.3810624043241999, 0.0, 0.0, 0.15431438210261814, 0.3810624043241999, 0.0, 0.0, 0.0, 0.0, 0.0, 0.3810624043241999, 1], 0.0)
uji: [0.0, 0.0, 0.0, 0.0, 0.0, 0.0, 0.0, 0.0, 0.0, 0.3239378575286424, 0.3810624043241999, 0.3810624043241999, 0.0, 0.0, 0.0, 0.0, 0.0, 0.0, 0.0, 0.3810624043241999, 0.0, 0.0, 0.0, 0.0, 0.0, 0.0, 0.3810624043241999, 0.0, 0.0, 0.15431438210261814, 0.3810624043241999, 0.0, 0.0, 0.0, 0.0, 0.0, 0.3810624043241999, None]
Dist: ([0.0, 0.0, 0.0, 0.0, 0.0, 0.0, 0.0, 0.0, 0.0, 0.0, 0.0, 0.0, 0.0, 0.0, 0.0, 0.0, 0.0, 0.0, 0.0, 0.0, 0.0, 0.9268834921796658, 0.0, 0.0, 0.0, 0.0, 0.0, 0.0, 0.0, 0.3753491600161475, 0.0, 0.0, 0.0, 0.0, 0.0, 0.0, 0.0, 1], 0.0)
uji: [0.0, 0.0, 0.0, 0.0, 0.0, 0.0, 0.0, 0.0, 0.0, 0.0, 0.0, 0.0, 0.0, 0.0, 0.0, 0.0, 0.0, 0.0, 0.0, 0.0, 0.0, 0.9268834921796658, 0.0, 0.0, 0.0, 0.0, 0.0, 0.0, 0.0, 0.3753491600161475, 0.0, 0.0, 0.0, 0.0, 0.0, 0.0, 0.0, None]
Dist: ([0.0, 0.0, 0.0, 0.0, 0.0, 0.0, 0.0, 0.0, 0.0, 0.0, 0.0, 0.0, 0.0, 0.0, 0.0, 0.0, 0.0, 0.0, 0.7071067811865475, 0.0, 0.0, 0.0, 0.7071067811865475, 0.0, 0.0, 0.0, 0.0, 0.0, 0.0, 0.0, 0.0, 0.0, 0.0, 0.0, 0.0, 0.0, 0.0, 1], 0.0)
uji: [0.0, 0.0, 0.0, 0.0, 0.0, 0.0, 0.0, 0.0, 0.0, 0.0, 0.0, 0.0, 0.0, 0.0, 0.0, 0.0, 0.0, 0.0, 0.7071067811865475, 0.0, 0.0, 0.0, 0.7071067811865475, 0.0, 0.0, 0.0, 0.0, 0.0, 0.0, 0.0, 0.0, 0.0, 0.0, 0.0, 0.0, 0.0, 0.0, None]
Dist: ([0.0, 0.0, 0.0, 0.0, 0.0, 0.0, 0.0, 0.0, 0.0, 0.0, 0.0, 0.0, 0.0, 0.0, 0.0, 0.0, 0.5621890275071459, 0.0, 0.0, 0.0, 0.0, 0.0, 0.0, 0.0, 0.5621890275071459, 0.5621890275071459, 0.0, 0.0, 0.0, 0.22766311087154284, 0.0, 0.0, 0.0, 0.0, 0.0, 0.0, 0.0, 1], 0.0)
uji: [0.0, 0.0, 0.0, 0.0, 0.0, 0.0, 0.0, 0.0, 0.0, 0.0, 0.0, 0.0, 0.0, 0.0, 0.0, 0.0, 0.5621890275071459, 0.0, 0.0, 0.0, 0.0, 0.0, 0.0, 0.0, 0.5621890275071459, 0.5621890275071459, 0.0, 0.0, 0.0, 0.22766311087154284, 0.0, 0.0, 0.0, 0.0, 0.0, 0.0, 0.0, None]
Hasil Prediksi: [1, 1, 1, 1, 1]

Dist: ([0.0, 0.0, 0.0, 0.0, 0.0, 0.6797860570704433, 0.0, 0.0, 0.0, 0.0, 0.0, 0.0, 0.0, 0.0, 0.0, 0.0, 0.0, 0.0, 0.0, 0.0, 0.0, 0.0, 0.0, 0.0, 0.0, 0.0, 0.0, 0.0, 0.0, 0.2752850036330354, 0.0, 0.6797860570704433, 0.0, 0.0, 0.0, 0.0, 0.0, 0], 1.3750411999329375)
uji: [0.4900553077313945, 0.0, 0.0, 0.4900553077313945, 0.0, 0.0, 0.4900553077313945, 0.0, 0.0, 0.0, 0.0, 0.0, 0.0, 0.0, 0.4900553077313945, 0.0, 0.0, 0.0, 0.0, 0.0, 0.0, 0.0, 0.0, 0.0, 0.0, 0.0, 0.0, 0.0, 0.0, 0.19845196259335104, 0.0, 0.0, 0.0, 0.0, 0.0, 0.0, 0.0, None]
Dist: ([0.0, 0.0, 0.0, 0.0, 0.0, 0.0, 0.0, 0.0, 0.0, 0.43119933130998356, 0.0, 0.0, 0.0, 0.0, 0.0, 0.0, 0.0, 0.0, 0.0, 0.0, 0.5072388117447527, 0.0, 0.0, 0.5072388117447527, 0.0, 0.0, 0.0, 0.0, 0.0, 0.20541056510592862, 0.0, 0.0, 0.0, 0.5072388117447527, 0.0, 0.0, 0.0, 0], 1.2873386563107545)
uji: [0.0, 0.0, 0.0, 0.0, 0.0, 0.0, 0.0, 0.0, 0.0, 0.3239378575286424, 0.3810624043241999, 0.3810624043241999, 0.0, 0.0, 0.0, 0.0, 0.0, 0.0, 0.0, 0.3810624043241999, 0.0, 0.0, 0.0, 0.0, 0.0, 0.0, 0.3810624043241999, 0.0, 0.0, 0.15431438210261814, 0.3810624043241999, 0.0, 0.0, 0.0, 0.0, 0.0, 0.3810624043241999, None]
Dist: ([0.0, 0.0, 0.0, 0.0, 0.0, 0.6797860570704433, 0.0, 0.0, 0.0, 0.0, 0.0, 0.0, 0.0, 0.0, 0.0, 0.0, 0.0, 0.0, 0.0, 0.0, 0.0, 0.0, 0.0, 0.0, 0.0, 0.0, 0.0, 0.0, 0.0, 0.2752850036330354, 0.0, 0.6797860570704433, 0.0, 0.0, 0.0, 0.0, 0.0, 0], 1.3391579482057359)
uji: [0.0, 0.0, 0.0, 0.0, 0.0, 0.0, 0.0, 0.0, 0.0, 0.0, 0.0, 0.0, 0.0, 0.0, 0.0, 0.0, 0.0, 0.0, 0.0, 0.0, 0.0, 0.9268834921796658, 0.0, 0.0, 0.0, 0.0, 0.0, 0.0, 0.0, 0.3753491600161475, 0.0, 0.0, 0.0, 0.0, 0.0, 0.0, 0.0, None]
Dist: ([0.0, 0.40278101707016284, 0.0, 0.0, 0.40278101707016284, 0.0, 0.0, 0.0, 0.0, 0.0, 0.0, 0.0, 0.0, 0.40278101707016284, 0.0, 0.40278101707016284, 0.0, 0.0, 0.0, 0.0, 0.0, 0.0, 0.0, 0.0, 0.0, 0.0, 0.0, 0.0, 0.0, 0.16310951452184239, 0.0, 0.0, 0.40278101707016284, 0.0, 0.0, 0.40278101707016284, 0.0, 0], 1.414213562373095)
uji: [0.0, 0.0, 0.0, 0.0, 0.0, 0.0, 0.0, 0.0, 0.0, 0.0, 0.0, 0.0, 0.0, 0.0, 0.0, 0.0, 0.0, 0.0, 0.7071067811865475, 0.0, 0.0, 0.0, 0.7071067811865475, 0.0, 0.0, 0.0, 0.0, 0.0, 0.0, 0.0, 0.0, 0.0, 0.0, 0.0, 0.0, 0.0, 0.0, None]
Dist: ([0.0, 0.0, 0.0, 0.0, 0.0, 0.6797860570704433, 0.0, 0.0, 0.0, 0.0, 0.0, 0.0, 0.0, 0.0, 0.0, 0.0, 0.0, 0.0, 0.0, 0.0, 0.0, 0.0, 0.0, 0.0, 0.0, 0.0, 0.0, 0.0, 0.0, 0.2752850036330354, 0.0, 0.6797860570704433, 0.0, 0.0, 0.0, 0.0, 0.0, 0], 1.3691806014522843)
uji: [0.0, 0.0, 0.0, 0.0, 0.0, 0.0, 0.0, 0.0, 0.0, 0.0, 0.0, 0.0, 0.0, 0.0, 0.0, 0.0, 0.5621890275071459, 0.0, 0.0, 0.0, 0.0, 0.0, 0.0, 0.0, 0.5621890275071459, 0.5621890275071459, 0.0, 0.0, 0.0, 0.22766311087154284, 0.0, 0.0, 0.0, 0.0, 0.0, 0.0, 0.0, None]
Hasil Prediksi: [0, 0, 0, 0, 0]

Dist: ([0.0, 0.0, 0.0, 0.0, 0.0, 0.0, 0.0, 0.0, 0.0, 0.0, 0.0, 0.0, 0.0, 0.0, 0.0, 0.0, 0.0, 0.0, 0.0, 0.0, 0.0, 0.9268834921796658, 0.0, 0.0, 0.0, 0.0, 0.0, 0.0, 0.0, 0.3753491600161475, 0.0, 0.0, 0.0, 0.0, 0.0, 0.0, 0.0, 1], 1.3702386512820202)
uji: [0.0, 0.40278101707016284, 0.0, 0.0, 0.40278101707016284, 0.0, 0.0, 0.0, 0.0, 0.0, 0.0, 0.0, 0.0, 0.40278101707016284, 0.0, 0.40278101707016284, 0.0, 0.0, 0.0, 0.0, 0.0, 0.0, 0.0, 0.0, 0.0, 0.0, 0.0, 0.0, 0.0, 0.16310951452184239, 0.0, 0.0, 0.40278101707016284, 0.0, 0.0, 0.40278101707016284, 0.0, None]
Dist: ([0.0, 0.0, 0.0, 0.0, 0.0, 0.0, 0.0, 0.0, 0.0, 0.0, 0.0, 0.0, 0.0, 0.0, 0.0, 0.0, 0.0, 0.0, 0.0, 0.0, 0.0, 0.9268834921796658, 0.0, 0.0, 0.0, 0.0, 0.0, 0.0, 0.0, 0.3753491600161475, 0.0, 0.0, 0.0, 0.0, 0.0, 0.0, 0.0, 1], 1.3660975529555943)
uji: [0.0, 0.0, 0.44005529629997253, 0.0, 0.0, 0.0, 0.0, 0.44005529629997253, 0.44005529629997253, 0.0, 0.0, 0.0, 0.44005529629997253, 0.0, 0.0, 0.0, 0.0, 0.44005529629997253, 0.0, 0.0, 0.0, 0.0, 0.0, 0.0, 0.0, 0.0, 0.0, 0.0, 0.0, 0.1782040431407688, 0.0, 0.0, 0.0, 0.0, 0.0, 0.0, 0.0, None]
Dist: ([0.0, 0.0, 0.0, 0.0, 0.0, 0.0, 0.0, 0.0, 0.0, 0.0, 0.0, 0.0, 0.0, 0.0, 0.0, 0.0, 0.0, 0.0, 0.0, 0.0, 0.0, 0.9268834921796658, 0.0, 0.0, 0.0, 0.0, 0.0, 0.0, 0.0, 0.3753491600161475, 0.0, 0.0, 0.0, 0.0, 0.0, 0.0, 0.0, 1], 1.352439900748054)
uji: [0.0, 0.0, 0.0, 0.0, 0.0, 0.0, 0.0, 0.0, 0.0, 0.0, 0.0, 0.0, 0.0, 0.0, 0.0, 0.0, 0.0, 0.0, 0.0, 0.0, 0.0, 0.0, 0.0, 0.0, 0.0, 0.0, 0.0, 0.5621890275071459, 0.5621890275071459, 0.22766311087154284, 0.0, 0.0, 0.0, 0.0, 0.5621890275071459, 0.0, 0.0, None]
Dist: ([0.0, 0.0, 0.0, 0.0, 0.0, 0.0, 0.0, 0.0, 0.0, 0.3239378575286424, 0.3810624043241999, 0.3810624043241999, 0.0, 0.0, 0.0, 0.0, 0.0, 0.0, 0.0, 0.3810624043241999, 0.0, 0.0, 0.0, 0.0, 0.0, 0.0, 0.3810624043241999, 0.0, 0.0, 0.15431438210261814, 0.3810624043241999, 0.0, 0.0, 0.0, 0.0, 0.0, 0.3810624043241999, 1], 1.2873386563107545)
uji: [0.0, 0.0, 0.0, 0.0, 0.0, 0.0, 0.0, 0.0, 0.0, 0.43119933130998356, 0.0, 0.0, 0.0, 0.0, 0.0, 0.0, 0.0, 0.0, 0.0, 0.0, 0.5072388117447527, 0.0, 0.0, 0.5072388117447527, 0.0, 0.0, 0.0, 0.0, 0.0, 0.20541056510592862, 0.0, 0.0, 0.0, 0.5072388117447527, 0.0, 0.0, 0.0, None]
Dist: ([0.0, 0.0, 0.0, 0.0, 0.0, 0.0, 0.0, 0.0, 0.0, 0.0, 0.0, 0.0, 0.0, 0.0, 0.0, 0.0, 0.0, 0.0, 0.0, 0.0, 0.0, 0.9268834921796658, 0.0, 0.0, 0.0, 0.0, 0.0, 0.0, 0.0, 0.3753491600161475, 0.0, 0.0, 0.0, 0.0, 0.0, 0.0, 0.0, 1], 1.3391579482057359)
uji: [0.0, 0.0, 0.0, 0.0, 0.0, 0.6797860570704433, 0.0, 0.0, 0.0, 0.0, 0.0, 0.0, 0.0, 0.0, 0.0, 0.0, 0.0, 0.0, 0.0, 0.0, 0.0, 0.0, 0.0, 0.0, 0.0, 0.0, 0.0, 0.0, 0.0, 0.2752850036330354, 0.0, 0.6797860570704433, 0.0, 0.0, 0.0, 0.0, 0.0, None]

Hasil Prediksi: [1, 1, 1, 1, 1]
Dist: ([0.0, 0.40278101707016284, 0.0, 0.0, 0.40278101707016284, 0.0, 0.0, 0.0, 0.0, 0.0, 0.0, 0.0, 0.0, 0.40278101707016284, 0.0, 0.40278101707016284, 0.0, 0.0, 0.0, 0.0, 0.0, 0.0, 0.0, 0.0, 0.0, 0.0, 0.0, 0.0, 0.0, 0.16310951452184239, 0.0, 0.0, 0.40278101707016284, 0.0, 0.0, 0.40278101707016284, 0.0, 0], 0.0)
uji: [0.0, 0.40278101707016284, 0.0, 0.0, 0.40278101707016284, 0.0, 0.0, 0.0, 0.0, 0.0, 0.0, 0.0, 0.0, 0.40278101707016284, 0.0, 0.40278101707016284, 0.0, 0.0, 0.0, 0.0, 0.0, 0.0, 0.0, 0.0, 0.0, 0.0, 0.0, 0.0, 0.0, 0.16310951452184239, 0.0, 0.0, 0.40278101707016284, 0.0, 0.0, 0.40278101707016284, 0.0, None]
Dist: ([0.0, 0.0, 0.44005529629997253, 0.0, 0.0, 0.0, 0.0, 0.44005529629997253, 0.44005529629997253, 0.0, 0.0, 0.0, 0.44005529629997253, 0.0, 0.0, 0.0, 0.0, 0.44005529629997253, 0.0, 0.0, 0.0, 0.0, 0.0, 0.0, 0.0, 0.0, 0.0, 0.0, 0.0, 0.1782040431407688, 0.0, 0.0, 0.0, 0.0, 0.0, 0.0, 0.0, 0], 0.0)
uji: [0.0, 0.0, 0.44005529629997253, 0.0, 0.0, 0.0, 0.0, 0.44005529629997253, 0.44005529629997253, 0.0, 0.0, 0.0, 0.44005529629997253, 0.0, 0.0, 0.0, 0.0, 0.44005529629997253, 0.0, 0.0, 0.0, 0.0, 0.0, 0.0, 0.0, 0.0, 0.0, 0.0, 0.0, 0.1782040431407688, 0.0, 0.0, 0.0, 0.0, 0.0, 0.0, 0.0, None]
Dist: ([0.0, 0.0, 0.0, 0.0, 0.0, 0.0, 0.0, 0.0, 0.0, 0.0, 0.0, 0.0, 0.0, 0.0, 0.0, 0.0, 0.0, 0.0, 0.0, 0.0, 0.0, 0.0, 0.0, 0.0, 0.0, 0.0, 0.0, 0.5621890275071459, 0.5621890275071459, 0.22766311087154284, 0.0, 0.0, 0.0, 0.0, 0.5621890275071459, 0.0, 0.0, 0], 0.0)
uji: [0.0, 0.0, 0.0, 0.0, 0.0, 0.0, 0.0, 0.0, 0.0, 0.0, 0.0, 0.0, 0.0, 0.0, 0.0, 0.0, 0.0, 0.0, 0.0, 0.0, 0.0, 0.0, 0.0, 0.0, 0.0, 0.0, 0.0, 0.5621890275071459, 0.5621890275071459, 0.22766311087154284, 0.0, 0.0, 0.0, 0.0, 0.5621890275071459, 0.0, 0.0, None]
Dist: ([0.0, 0.0, 0.0, 0.0, 0.0, 0.0, 0.0, 0.0, 0.0, 0.43119933130998356, 0.0, 0.0, 0.0, 0.0, 0.0, 0.0, 0.0, 0.0, 0.0, 0.0, 0.5072388117447527, 0.0, 0.0, 0.5072388117447527, 0.0, 0.0, 0.0, 0.0, 0.0, 0.20541056510592862, 0.0, 0.0, 0.0, 0.5072388117447527, 0.0, 0.0, 0.0, 0], 0.0)
uji: [0.0, 0.0, 0.0, 0.0, 0.0, 0.0, 0.0, 0.0, 0.0, 0.43119933130998356, 0.0, 0.0, 0.0, 0.0, 0.0, 0.0, 0.0, 0.0, 0.0, 0.0, 0.5072388117447527, 0.0, 0.0, 0.5072388117447527, 0.0, 0.0, 0.0, 0.0, 0.0, 0.20541056510592862, 0.0, 0.0, 0.0, 0.5072388117447527, 0.0, 0.0, 0.0, None]
Dist: ([0.0, 0.0, 0.0, 0.0, 0.0, 0.6797860570704433, 0.0, 0.0, 0.0, 0.0, 0.0, 0.0, 0.0, 0.0, 0.0, 0.0, 0.0, 0.0, 0.0, 0.0, 0.0, 0.0, 0.0, 0.0, 0.0, 0.0, 0.0, 0.0, 0.0, 0.2752850036330354, 0.0, 0.6797860570704433, 0.0, 0.0, 0.0, 0.0, 0.0, 0], 0.0)
uji: [0.0, 0.0, 0.0, 0.0, 0.0, 0.6797860570704433, 0.0, 0.0, 0.0, 0.0, 0.0, 0.0, 0.0, 0.0, 0.0, 0.0, 0.0, 0.0, 0.0, 0.0, 0.0, 0.0, 0.0, 0.0, 0.0, 0.0, 0.0, 0.0, 0.0, 0.2752850036330354, 0.0, 0.6797860570704433, 0.0, 0.0, 0.0, 0.0, 0.0, None]
Hasil Prediksi: [0, 0, 0, 0, 0]

Scores: [100.0, 100.0, 100.0, 100.0]
Mean Accuracy: 100.000%
[Finished in 1.7s]